time,right_s0,right_s1,right_w0,right_w1,right_w2,right_e0,right_e1
0.0,0.014151376361,-0.867901289728,-0.170797621271,-0.513304355755,2.43548095282,0.859271593296,1.56912382492
0.5,0.0380941071498,-0.883189423217,-0.10055427362,-0.504732224577,2.412868856,0.849816925784,1.57102557806
1.0,0.0698795381448,-0.892803198898,-0.00685829054672,-0.495114459633,2.37934060762,0.84754101373,1.57286142599
1.5,0.0805299287708,-0.873375024551,0.0170706490309,-0.49220443122,2.3390420036,0.863641772619,1.57269045814
2.0,0.0701441431681,-0.84788611304,0.022156451666,-0.454478334715,2.29736867908,0.899754996567,1.56862058084
2.5,-0.00124210416247,-0.7809197107,-0.0474693460352,-0.389122632389,2.3262747906,1.00275267367,1.55470690367
3.0,-0.0846224192604,-0.690196503808,-0.129539462772,-0.347339133788,2.36514671504,1.12477246559,1.54390872088
3.5,-0.155710662588,-0.600020237735,-0.23172623876,-0.320026480531,2.35497471114,1.22532627341,1.53857528321
4.0,-0.224865147276,-0.50631941417,-0.379294575882,-0.30292539773,2.31245110661,1.31149523643,1.53517722744
4.5,-0.297904430058,-0.411871966953,-0.524284504165,-0.280038740891,2.27165873005,1.39971744302,1.52797587387
5.0,-0.374546371711,-0.330573084675,-0.602172787868,-0.231418692343,2.25860610479,1.50198836536,1.51622679968
5.5,-0.447108991521,-0.269677508618,-0.664205886303,-0.166105966397,2.23605893346,1.59561168344,1.50796251503
6.0,-0.516333706757,-0.222908692874,-0.731057323509,-0.0953957204901,2.20377113197,1.67758953726,1.50461604073
6.5,-0.59391604756,-0.177187939883,-0.795262025882,-0.013507476972,2.2018629957,1.76942614752,1.49993945152
7.0,-0.642626521811,-0.139291164688,-0.825269822949,0.0404992125727,2.18419206559,1.83776059561,1.49622975945
7.5,-0.676856918833,-0.102218946117,-0.85501197582,0.0770852130503,2.16386972679,1.89235002985,1.4847184813
8.0,-0.661990696734,-0.0786169387688,-0.797965612953,0.0756765670046,2.12687029317,1.9136810125,1.47579459359
8.5,-0.613830222867,-0.0567384651397,-0.699950610139,0.0477007555031,2.07715538303,1.9096345132,1.47022623035
9.0,-0.627612180533,-0.0193523201825,-0.729697337616,0.0672746414245,2.06846940611,1.93689669654,1.4549901664
9.5,-0.682143682381,0.0325597225279,-0.831729069312,0.0827965923483,2.10643768639,1.98485182209,1.4565666783
10.0,-0.727362574611,0.0783847663117,-0.922617361156,0.0851843045728,2.13743611846,2.02010933099,1.46652013136
10.5,-0.736065117521,0.084597034438,-0.907735984432,0.112896035374,2.13171531394,2.02739438364,1.47313361787
11.0,-0.738546814911,0.101799820599,-0.905083032181,0.113486743008,2.13224745765,2.03256768963,1.48294596969
11.5,-0.722942841222,0.121468203289,-0.891285502034,0.09329108317,2.12466316031,2.02755454964,1.49175482143
12.0,-0.682721224931,0.132207141634,-0.860621785816,0.0728825192013,2.08951769483,2.00444203817,1.49346422725
12.5,-0.646818577695,0.151778184624,-0.864102096179,0.0698612621901,2.05557732756,1.98361671098,1.48172553364
13.0,-0.608750152329,0.187647645449,-0.883384241575,0.0564967615793,2.03337481738,1.96850610276,1.45843771634
13.5,-0.574261174419,0.220463723529,-0.915701428272,0.0680920324595,2.01148526013,1.95598353363,1.42309163931
14.0,-0.565514035706,0.256633023955,-0.978919975745,0.114736332014,2.01573784287,1.96354651786,1.37816309576
14.5,-0.549311998172,0.296190656026,-1.03714901267,0.134509850525,2.01842327435,1.97100496217,1.33573467833
15.0,-0.528803788551,0.323193916893,-1.08031999464,0.147977022661,2.01042139581,1.97224600569,1.30119485476
15.5,-0.491347910936,0.327312545272,-1.06293896591,0.151242654471,1.98476616149,1.96162203754,1.2761909097
16.0,-0.472975020567,0.329894926344,-1.06884226901,0.165346311125,1.96814708738,1.95765160828,1.25592245505
16.5,-0.465674282829,0.324571029926,-1.10579375604,0.194018675646,1.9421664167,1.94849968256,1.23853826065
17.0,-0.423370860369,0.270611367326,-1.13662495691,0.247760947645,1.82799405276,1.88198452318,1.22692492465
17.5,-0.364874046721,0.18105647391,-1.16495385592,0.363884281488,1.66777230384,1.78467171679,1.21136621859
18.0,-0.27850276911,0.112340877647,-1.16284405717,0.401551484107,1.51358940064,1.67061486961,1.21581997054
18.5,-0.193082955536,0.0779591655499,-1.15203622827,0.341741296718,1.37940841565,1.56594959411,1.24595312589
19.0,-0.164444320919,0.0647731407107,-1.19325540987,0.321952559805,1.29057217074,1.51896593343,1.26353349737
19.5,-0.15261338081,0.0550365854368,-1.23359409413,0.322528040527,1.23251848996,1.49414720198,1.27254326622
20.0,-0.154557217698,0.0486391799838,-1.27081215811,0.338907579163,1.20185610876,1.48809367989,1.2743301744
20.5,-0.167066208377,0.0452803929079,-1.30336086958,0.366566919399,1.19425903418,1.4969969544,1.27039083682
21.0,-0.186994236193,0.0445319319099,-1.33032438063,0.401292513668,1.20494627116,1.51697022636,1.26224354645
21.5,-0.211440706708,0.0458939742464,-1.35133486584,0.439374846319,1.22908174917,1.54430888528,1.25132846711
22.0,-0.237876158503,0.0488430861081,-1.3664725542,0.477726624278,1.26208751961,1.57568085657,1.23893525038
